 Set volume to 8.37758
% frame   22
% start   27
% time    27
% id pos_x pos_y pos_z
% fiber f1:1
         1         0  -1.09208   1.55943 0.0433823
         1         1 -0.866269    1.6634 0.0169299
         1         2 -0.631261   1.74781 0.00480054
         1         3 -0.388079   1.80555  0.010087
         1         4 -0.140441   1.83844 0.0197657
         1         5  0.109426   1.83384   0.02649
         1         6  0.355863   1.79193 0.0300797
         1         7  0.595028   1.71983 0.0401381
         1         8  0.824409   1.62274  0.061534
         1         9   1.04376    1.5052 0.0854534
         1        10   1.24722   1.36054 0.0988081
         1        11   1.42406   1.18393  0.104801
         1        12   1.57962  0.988325  0.098705
         1        13   1.71365  0.777937 0.0821972
         1        14   1.81902  0.552219 0.0609834
         1        15   1.87957  0.311004 0.0355088
         1        16   1.89958 0.0621874  0.021726
         1        17   1.88402 -0.187326 0.0228461
         1        18   1.83126 -0.431679 0.0256923
         1        19   1.74416 -0.666012 0.0248495
         1        20   1.62546  -0.88575 0.0135899
         1        21   1.47949  -1.08791 -0.00444695
         1        22   1.31185  -1.27309 -0.0146519
         1        23   1.12291  -1.43647 -0.0251074
         1        24  0.914027  -1.57371 -0.0308063
         1        25  0.688998  -1.68045 -0.0524422
         1        26  0.452822  -1.75448 -0.0876656
         1        27  0.210512  -1.80438 -0.123662
         1        28 -0.0343212  -1.84397 -0.155118


% fiber f1:2
         2         0  0.941446   1.60445 -0.0325736
         2         1   1.11869   1.42849 -0.0215371
         2         2   1.29022   1.24662 -0.020204
         2         3   1.44494   1.05033 -0.0258244
         2         4   1.57722  0.838327 -0.0334729
         2         5   1.68371  0.612185 -0.0378687
         2         6   1.75814  0.373719 -0.047577
         2         7   1.79919  0.127608 -0.0631857
         2         8   1.81698 -0.121726 -0.0672254
         2         9   1.81127 -0.371208 -0.0521829
         2        10   1.77855 -0.615276 -0.00905687
         2        11   1.70371 -0.845703 0.0526083
         2        12   1.58864   -1.0629 0.0982683
         2        13   1.44019  -1.26267  0.121817
         2        14   1.26275  -1.43854  0.131066
         2        15   1.06504  -1.59047   0.11293
         2        16  0.856141  -1.71852 0.0633101
         2        17  0.637644  -1.81671 -0.00823442
         2        18  0.404137    -1.881 -0.0702068
         2        19  0.157389  -1.91083 -0.097149
         2        20 -0.0921505  -1.90509 -0.0831122
         2        21 -0.333911  -1.85927 -0.0389204
         2        22 -0.557566   -1.7674  0.024629
         2        23  -0.76429  -1.64841 0.0994962
         2        24 -0.961396  -1.50811  0.162465
         2        25  -1.15495  -1.35456  0.200664
         2        26  -1.35172  -1.20152  0.181622
         2        27  -1.53647  -1.04797  0.112429
         2        28  -1.70645 -0.887753 0.0233248


% fiber f1:3
         3         0 -0.537449  -1.83601  0.099041
         3         1  -0.76208  -1.72993  0.127123
         3         2 -0.981736  -1.61156  0.142625
         3         3  -1.18991  -1.47358  0.131459
         3         4  -1.37361  -1.30993 0.0870318
         3         5  -1.52594  -1.12514  0.015286
         3         6  -1.64229 -0.920778 -0.0695556
         3         7  -1.72388 -0.697352 -0.146527
         3         8  -1.78233 -0.459213 -0.195247
         3         9  -1.83171 -0.214422 -0.206999
         3        10   -1.8701  0.031059 -0.179332
         3        11  -1.88676  0.270753 -0.110271
         3        12  -1.87173  0.507037 -0.0299997
         3        13  -1.80408  0.736585  0.042334
         3        14  -1.68031  0.949029 0.0875946
         3        15  -1.52166   1.14191 0.0988909
         3        16  -1.35259   1.32498 0.0789281
         3        17  -1.17217   1.49316 0.0381253
         3        18 -0.969034   1.62988 -0.0123022
         3        19 -0.742696   1.72263 -0.0639651
         3        20 -0.503096   1.78219 -0.103259
         3        21 -0.255047   1.80937 -0.118523
         3        22 -0.00509926   1.80653 -0.114244
         3        23  0.243791   1.78818 -0.0995138
         3        24  0.491078   1.75445 -0.0849676
         3        25  0.733984   1.69627 -0.074431
         3        26  0.965909   1.60297 -0.0718585
         3        27    1.1805   1.47484 -0.0662396
         3        28   1.38088   1.32541 -0.0616832


% fiber f1:4
         4         0  -1.56921  -1.06523  0.109304
         4         1  -1.37859  -1.22634  0.123613
         4         2  -1.18221  -1.38041  0.137759
         4         3 -0.981254  -1.52873  0.126946
         4         4 -0.782872  -1.67314 0.0790763
         4         5 -0.577134  -1.79363 0.00388249
         4         6 -0.349763   -1.8638 -0.0727853
         4         7 -0.105775   -1.8889 -0.121156
         4         8  0.144083  -1.88193 -0.125877
         4         9  0.388899  -1.84685 -0.0893443
         4        10  0.626407  -1.79102 -0.0348229
         4        11  0.856009  -1.71157 0.0240903
         4        12   1.07258  -1.59719 0.0742629
         4        13   1.26818  -1.44262 0.0928883
         4        14     1.447  -1.26828 0.0816213
         4        15   1.60856  -1.07823 0.0649388
         4        16   1.73265 -0.861635 0.0511612
         4        17   1.81147 -0.625496 0.0282325
         4        18    1.8654  -0.38288 0.00122028
         4        19   1.89475 -0.135159 -0.0152973
         4        20    1.8955  0.114418 -0.0298248
         4        21   1.85346  0.360743 -0.0373626
         4        22   1.76904  0.596032 -0.0406935
         4        23   1.65371  0.817565 -0.0295475
         4        24   1.51117   1.02179 -0.00782902
         4        25   1.34948   1.21157 0.0106636
         4        26   1.17532   1.39032 0.0253464
         4        27  0.985472   1.55259  0.036583
         4        28  0.785364   1.70227 0.0439562


% fiber f1:5
         5         0    1.1786  -1.47366 0.00216949
         5         1   1.32723  -1.27399 0.0253587
         5         2   1.46475  -1.06648 0.0483388
         5         3   1.58661 -0.848448 0.0590177
         5         4   1.69219 -0.621932 0.0525202
         5         5   1.77871 -0.388269  0.032105
         5         6   1.82739 -0.143523 0.0169549
         5         7   1.84033  0.105823 0.00433592
         5         8   1.82518  0.355214 -0.00427698
         5         9    1.7748   0.60002 0.00143734
         5        10   1.69131   0.83399 0.0294952
         5        11   1.58079   1.05629 0.0589503
         5        12   1.43991   1.26264 0.0675449
         5        13   1.27085   1.44668 0.0605972
         5        14   1.07669   1.60314 0.0427072
         5        15  0.859797   1.72422 0.0144711
         5        16  0.623623   1.80241 -0.0102043
         5        17  0.378624   1.84841 -0.0291709
         5        18  0.129616   1.87037 -0.032717
         5        19 -0.120339   1.87387 -0.0359154
         5        20 -0.368164   1.84322 -0.0478933
         5        21 -0.606737   1.76852 -0.0462325
         5        22 -0.833268   1.66377 -0.0317175
         5        23  -1.05017   1.54224 -0.00558063
         5        24  -1.24812   1.39367 0.0296931
         5        25  -1.42267    1.2173 0.0601326
         5        26  -1.57525   1.02007 0.0780465
         5        27  -1.70134   0.80429 0.0842169
         5        28  -1.80572  0.577205 0.0781642


% fiber f1:6
         6         0   1.23442  -1.46274 0.0124557
         6         1   1.38156  -1.26077 0.0200886
         6         2   1.51235  -1.04784 0.0274496
         6         3   1.61957 -0.822035 0.0232987
         6         4   1.70739 -0.588532 0.00702799
         6         5   1.76498 -0.345417 -0.00182613
         6         6   1.79512 -0.0972473 -9.38315e-05
         6         7   1.80242  0.152552 0.00677639
         6         8   1.78335  0.401564 0.0181573
         6         9   1.73099  0.645399 0.0355472
         6        10   1.63706  0.876516 0.0517165
         6        11   1.51176   1.09237 0.0660775
         6        12   1.36493   1.29401 0.0829879
         6        13   1.19489   1.47724 0.0867282
         6        14   1.00041   1.63362 0.0718572
         6        15  0.779977   1.74921 0.0484457
         6        16  0.542684   1.82514 0.0277844
         6        17  0.297436   1.87116 0.0124623
         6        18 0.0480484   1.88731 0.00575122
         6        19 -0.201521   1.87307 0.00923482
         6        20 -0.447816   1.83212 0.0219456
         6        21 -0.683167   1.75093 0.0447119
         6        22 -0.899911   1.62789 0.0643498
         6        23  -1.09372   1.47054 0.0775718
         6        24   -1.2769   1.30217  0.102064
         6        25  -1.45005   1.12352   0.12662
         6        26   -1.5942  0.919357  0.132867
         6        27  -1.71693  0.702924  0.108518
         6        28  -1.82294  0.480809 0.0646125


% fiber f1:7
         7         0   1.80906  0.601717 0.0140565
         7         1   1.84123  0.354148 0.0272823
         7         2   1.86012  0.105021 0.0361469
         7         3   1.85338 -0.144756 0.0442783
         7         4   1.81589 -0.391718 0.0544811
         7         5   1.75098 -0.633136 0.0566772
         7         6   1.65901 -0.865243 0.0437146
         7         7   1.53702  -1.08335 0.0369887
         7         8   1.39305   -1.2871   0.05316
         7         9   1.22106  -1.46847 0.0578835
         7        10   1.03175  -1.62885 0.0272172
         7        11  0.823141  -1.75002 -0.0383568
         7        12  0.595209  -1.82344 -0.110166
         7        13  0.354777  -1.87136 -0.159118
         7        14  0.107297  -1.90377 -0.173389
         7        15 -0.140886  -1.91562 -0.145737
         7        16 -0.378441  -1.89556 -0.0704718
         7        17 -0.595582  -1.82163 0.0289492
         7        18 -0.797861  -1.69674  0.106323
         7        19 -0.983697  -1.54027  0.165316
         7        20  -1.17379   -1.3788   0.18235
         7        21  -1.36437  -1.22113  0.145984
         7        22  -1.53777  -1.05947 0.0666297
         7        23  -1.66318 -0.862748 -0.023223
         7        24  -1.74071 -0.635423 -0.0925961
         7        25  -1.79389 -0.393385 -0.125608
         7        26  -1.82465 -0.145301  -0.12842
         7        27  -1.84134  0.103385  -0.10901
         7        28  -1.85222  0.351887 -0.0839406


% fiber f1:8
         8         0   1.57032    1.0692 -0.00302612
         8         1   1.39895   1.24999 -0.0241728
         8         2   1.21495    1.4189 -0.0349653
         8         3    1.0143   1.56801 -0.0327122
         8         4  0.794837    1.6877 -0.0356334
         8         5  0.559949   1.77031 -0.0580781
         8         6  0.314699   1.81441 -0.0782626
         8         7 0.0658024   1.83399 -0.0911933
         8         8 -0.184184   1.83609 -0.0927414
         8         9 -0.433835   1.82441 -0.0865943
         8        10 -0.679152   1.78048 -0.0668421
         8        11 -0.913014   1.69756  -0.03631
         8        12  -1.12586   1.57324 0.00542755
         8        13  -1.31488   1.41794 0.0569425
         8        14  -1.48457   1.24127  0.106853
         8        15  -1.63534   1.04353  0.132681
         8        16  -1.75214    0.8239  0.107761
         8        17  -1.82241  0.595918 0.0330201
         8        18  -1.84114  0.365584 -0.0623492
         8        19  -1.84187  0.128212 -0.140798
         8        20  -1.83408 -0.119284  -0.17522
         8        21  -1.83089 -0.368523 -0.155983
         8        22  -1.78889 -0.607322 -0.0950666
         8        23  -1.69759 -0.821591 -0.00422404
         8        24  -1.56543   -1.0137 0.0859281
         8        25  -1.41094  -1.19494  0.162003
         8        26  -1.23217  -1.36587  0.198395
         8        27   -1.0443  -1.53051  0.188739
         8        28 -0.849269  -1.68456   0.16161


% fiber f1:9
         9         0 -0.429192   1.84527 -0.0119461
         9         1 -0.179321   1.85224 -0.0159106
         9         2 0.0702951   1.83863 -0.0133011
         9         3  0.316177   1.79355 -0.0101617
         9         4  0.554846   1.71992 0.000552411
         9         5  0.782344   1.61915 0.0248494
         9         6   1.00112   1.50157  0.053335
         9         7    1.2152   1.37287 0.0636122
         9         8   1.41269   1.22001 0.0519781
         9         9   1.58132   1.03773 0.0230544
         9        10   1.72571  0.834605 0.0033245
         9        11   1.83911   0.61282 -0.017934
         9        12   1.90087   0.37145 -0.0385965
         9        13   1.92529  0.122828 -0.0481123
         9        14   1.92358 -0.127092 -0.042015
         9        15   1.89412 -0.374895 -0.0269788
         9        16   1.82671 -0.615114 -0.0111646
         9        17   1.72052  -0.83977 0.0163011
         9        18   1.58573   -1.0459 0.0591977
         9        19   1.42679  -1.23635 0.0903151
         9        20   1.24222  -1.40487  0.084405
         9        21   1.03284  -1.53826 0.0549766
         9        22  0.812144  -1.64698 0.0105575
         9        23  0.580953  -1.73145 -0.0332216
         9        24  0.340455   -1.7905 -0.0674688
         9        25 0.0931668  -1.82203 -0.0863053
         9        26  -0.15682  -1.82086 -0.0885904
         9        27 -0.405539  -1.80511 -0.0688196
         9        28 -0.651019  -1.79437  -0.02273


% fiber f1:10
        10         0  -1.89428  0.147634 -0.0446781
        10         1  -1.82058  0.377862 0.0190631
        10         2  -1.72985  0.604936 0.0710782
        10         3  -1.62268  0.829656 0.0937786
        10         4  -1.50354   1.04944 0.0930884
        10         5  -1.35934   1.25318 0.0790429
        10         6  -1.18265   1.42856 0.0561588
        10         7 -0.987677   1.58134 0.0223454
        10         8 -0.779958   1.71499 -0.0162372
        10         9 -0.557218    1.8244 -0.0465406
        10        10  -0.31835   1.89525 -0.0670714
        10        11 -0.0709275   1.93105 -0.0677209
        10        12  0.178614    1.9227 -0.0551012
        10        13  0.423964   1.87573 -0.0452323
        10        14  0.662966   1.80269 -0.0386512
        10        15  0.885713   1.69035 -0.0224453
        10        16   1.08843   1.54514 -0.0044572
        10        17   1.27546   1.37949 0.00432167
        10        18   1.44269   1.19395 0.0147154
        10        19   1.57951   0.98472 0.0166386
        10        20   1.68671  0.759134 0.0057048
        10        21   1.76356  0.521771 -0.0102068
        10        22   1.80671  0.276197 -0.0284217
        10        23   1.82721 0.0270392 -0.0285125
        10        24   1.81629 -0.222572 -0.0198601
        10        25   1.77719 -0.469071 -0.00538608
        10        26   1.71029 -0.709901 -0.000391354
        10        27    1.6259 -0.945223 0.00108542
        10        28   1.52299  -1.17298 -0.00492975


% fiber f1:11
        11         0 -0.126219   1.89726 -0.086771
        11         1  -0.36356   1.81985 -0.0734662
        11         2  -0.59731   1.73218 -0.060268
        11         3 -0.824962   1.62989 -0.0457277
        11         4  -1.04389   1.51039 -0.0286694
        11         5  -1.24999   1.37098 -0.00443337
        11         6  -1.43414   1.20415 0.0230287
        11         7   -1.5859    1.0063 0.0411148
        11         8  -1.70857  0.788698 0.0511208
        11         9  -1.80485  0.558217 0.0406613
        11        10  -1.86259  0.323632 -0.0236479
        11        11  -1.87957 0.0951273 -0.123635
        11        12  -1.87515 -0.142074 -0.202476
        11        13   -1.8614 -0.390885 -0.222575
        11        14  -1.83363 -0.630589 -0.157224
        11        15  -1.76452  -0.83619 -0.0329169
        11        16  -1.63486  -1.00854 0.0935094
        11        17  -1.45764  -1.15886  0.185689
        11        18  -1.26296  -1.31021  0.226846
        11        19  -1.06156  -1.45784  0.214959
        11        20 -0.853951  -1.58944  0.169346
        11        21 -0.648608  -1.71552  0.102709
        11        22 -0.435126  -1.82562 0.0334081
        11        23 -0.200477  -1.88816 -0.025987
        11        24 0.0473344  -1.89921 -0.0570955
        11        25  0.296114  -1.87562 -0.0498613
        11        26   0.53559  -1.81275 -0.0152479
        11        27  0.762022  -1.71828 0.0327566
        11        28  0.981728  -1.60845  0.079313


% fiber f1:12
        12         0 -0.612446  -1.81691 -0.0621315
        12         1 -0.365651  -1.83588 -0.0972309
        12         2 -0.117045  -1.84911 -0.120045
        12         3  0.132777  -1.84562 -0.111304
        12         4  0.379743   -1.8128 -0.0905504
        12         5  0.619256  -1.74861 -0.0587203
        12         6  0.847418  -1.65343 -0.0215281
        12         7   1.05305  -1.51818 0.0223156
        12         8   1.24013  -1.35957 0.0707503
        12         9   1.41964  -1.18807  0.100118
        12        10   1.57965 -0.996006 0.0969589
        12        11   1.71439  -0.78634 0.0773768
        12        12    1.8169 -0.559316 0.0561112
        12        13   1.89073  -0.32078 0.0438805
        12        14   1.93269 -0.0744268 0.0368199
        12        15   1.93393  0.175479 0.0300779
        12        16   1.88932    0.4214 0.0243684
        12        17   1.80425  0.656288 0.0148773
        12        18    1.6915  0.877836 -0.0116673
        12        19   1.54789   1.07987 -0.0442351
        12        20   1.38301   1.26642 -0.0669033
        12        21   1.19021   1.42548 -0.0719171
        12        22  0.977955   1.55724 -0.062572
        12        23  0.753154   1.66521 -0.0450237
        12        24  0.516327   1.74518 -0.0409298
        12        25  0.270545   1.78873 -0.0548947
        12        26 0.0214112   1.80168 -0.0711592
        12        27 -0.228378   1.79515 -0.0790954
        12        28 -0.477418   1.77334 -0.0772699


% fiber f1:13
        13         0  -1.07329  -1.54137  0.153138
        13         1    -1.255   -1.3725  0.122115
        13         2    -1.427  -1.19726 0.0751238
        13         3  -1.56968  -1.00541 0.00208846
        13         4  -1.67244  -0.79254 -0.0793159
        13         5  -1.73519 -0.560182 -0.146933
        13         6  -1.77213  -0.31657 -0.189223
        13         7  -1.79826 -0.067939 -0.189693
        13         8  -1.81441  0.178685 -0.152069
        13         9  -1.81166  0.420589 -0.0890206
        13        10  -1.77698  0.656608 -0.0142382
        13        11  -1.69621  0.884982 0.0475829
        13        12  -1.56621     1.098 0.0624598
        13        13  -1.40876   1.29178 0.0498098
        13        14  -1.22711   1.45935 0.0120667
        13        15  -1.02657   1.59996 -0.0380372
        13        16 -0.810279   1.71566 -0.0863462
        13        17 -0.576271   1.79798  -0.11739
        13        18 -0.331093   1.84642  -0.12381
        13        19 -0.0824746   1.87059 -0.113585
        13        20  0.167309   1.86538 -0.104569
        13        21  0.413571   1.82244 -0.101219
        13        22  0.650503   1.74286 -0.106717
        13        23  0.872345   1.62765 -0.110214
        13        24   1.07794   1.48551 -0.105242
        13        25   1.26846   1.32407 -0.0932911
        13        26   1.44309   1.14659 -0.0708091
        13        27    1.5947   0.95154 -0.0324777
        13        28   1.73188  0.748551 0.0172777


% fiber f1:14
        14         0 -0.815821  -1.72585  0.096537
        14         1   -1.0186  -1.57975  0.102315
        14         2  -1.21201  -1.42166 0.0921357
        14         3  -1.38576  -1.24695 0.0498597
        14         4   -1.5276  -1.05251 -0.0177511
        14         5  -1.63272 -0.840111 -0.0973586
        14         6  -1.70686 -0.613266 -0.171818
        14         7  -1.76452 -0.374963 -0.220671
        14         8  -1.81415 -0.129963 -0.224159
        14         9  -1.84731  0.114472 -0.183518
        14        10  -1.85463  0.352709 -0.108087
        14        11  -1.82006  0.581715 -0.0139544
        14        12  -1.73416  0.799934 0.0726566
        14        13  -1.60937   1.00884  0.129965
        14        14  -1.46646   1.21388  0.135824
        14        15  -1.31032   1.40536 0.0976587
        14        16  -1.12771   1.56815  0.046134
        14        17 -0.914033    1.6909 0.00401816
        14        18  -0.67951   1.77513 -0.016094
        14        19 -0.433009    1.8168 -0.0153328
        14        20 -0.183098    1.8235 -0.0151485
        14        21 0.0658576   1.80141 -0.0208657
        14        22  0.311859   1.75697 -0.0238322
        14        23  0.554152   1.69544 -0.0265663
        14        24  0.789294   1.61093 -0.0347254
        14        25   1.01163   1.49777 -0.0509205
        14        26   1.21914   1.35838 -0.0538616
        14        27   1.40863   1.19586 -0.040333
        14        28   1.58996   1.02617 -0.0116521


% fiber f1:15
        15         0   1.71638 -0.783765 -0.0117798
        15         1   1.75289  -0.53743 -0.0338272
        15         2   1.77769 -0.288864 -0.0438356
        15         3   1.78702 -0.0391156 -0.0376266
        15         4   1.77586   0.21014 -0.0219015
        15         5   1.74127  0.457035 -0.00329427
        15         6   1.67483  0.696891 0.0202828
        15         7   1.57407  0.925268 0.0340943
        15         8   1.44345   1.13843 0.0349148
        15         9   1.28557   1.33219  0.029462
        15        10   1.10443   1.50449 0.0282473
        15        11  0.908105   1.65923  0.024706
        15        12  0.693666   1.78706 0.0114566
        15        13  0.460834   1.87673 -0.00430013
        15        14  0.217548    1.9327 -0.0177225
        15        15 -0.0315307   1.94908 -0.0315531
        15        16 -0.280178   1.92342 -0.0356128
        15        17 -0.523169   1.86698  -0.01921
        15        18 -0.754851   1.78028 0.0169409
        15        19 -0.969991   1.65919 0.0563475
        15        20   -1.1636   1.50439 0.0887472
        15        21  -1.33333   1.32235  0.112301
        15        22  -1.48923   1.12699  0.117841
        15        23  -1.62256  0.915671  0.109716
        15        24  -1.72526  0.691899 0.0663576
        15        25  -1.79773  0.461717 0.0010634
        15        26  -1.83748  0.224102 -0.0657187
        15        27   -1.8565 -0.0169994 -0.129028
        15        28  -1.86037 -0.261122 -0.182779


% fiber f1:16
        16         0  0.778384  -1.71704 -0.0965635
        16         1  0.983473  -1.57542 -0.0770762
        16         2   1.17884  -1.42059 -0.0580478
        16         3   1.35557  -1.24408 -0.0476678
        16         4   1.50931  -1.04698 -0.051795
        16         5   1.64248 -0.836149 -0.069543
        16         6   1.74256  -0.60802 -0.0905646
        16         7   1.80944 -0.367294 -0.0993568
        16         8   1.84661 -0.120093 -0.096139
        16         9    1.8564  0.129578 -0.0878421
        16        10   1.83384  0.378376 -0.0783212
        16        11   1.78498  0.623325 -0.067725
        16        12   1.70688  0.860345 -0.0527958
        16        13   1.59242   1.08122 -0.0280277
        16        14   1.43245   1.27072 0.0035555
        16        15   1.24534   1.43439 0.0300773
        16        16   1.04234   1.57905  0.049158
        16        17  0.823715   1.69893 0.0674058
        16        18  0.591964   1.79222  0.076782
        16        19  0.347346   1.84351 0.0823918
        16        20 0.0976802   1.85338 0.0740516
        16        21 -0.150696   1.83079  0.056756
        16        22 -0.394619   1.77727 0.0450262
        16        23 -0.629112   1.69109 0.0542873
        16        24 -0.850334    1.5773 0.0790341
        16        25  -1.06363   1.44972  0.106037
        16        26  -1.25879    1.2963  0.135613
        16        27  -1.43436    1.1197  0.157729
        16        28  -1.59601  0.929554  0.172245


% fiber f1:17
        17         0  0.619387   1.76223 -0.0162388
        17         1  0.374263   1.80796 -0.0342115
        17         2  0.126199   1.83489 -0.0496776
        17         3 -0.123711   1.82866 -0.0520732
        17         4 -0.368177   1.78237 -0.0276926
        17         5 -0.605302   1.71371 0.0117699
        17         6 -0.833804   1.62487 0.0606982
        17         7  -1.04926   1.50666  0.106581
        17         8  -1.24846    1.3586  0.136544
        17         9  -1.42906   1.18668  0.154569
        17        10   -1.5892  0.994697  0.154214
        17        11  -1.72824  0.788727  0.126944
        17        12  -1.83457   0.57021 0.0682531
        17        13  -1.90272  0.348103 -0.0240689
        17        14  -1.92412  0.117157 -0.117377
        17        15  -1.90665 -0.125626 -0.174396
        17        16   -1.8654 -0.372101 -0.181326
        17        17   -1.8072 -0.610249 -0.132354
        17        18  -1.72529 -0.827157 -0.0388521
        17        19   -1.6086  -1.02558 0.0586696
        17        20  -1.45039  -1.20346  0.135024
        17        21  -1.26106  -1.36545  0.155305
        17        22  -1.06348  -1.51337  0.115532
        17        23 -0.852592   -1.6334 0.0553708
        17        24 -0.630004  -1.73299 0.000261979
        17        25 -0.398365  -1.81542 -0.0450065
        17        26 -0.155182  -1.86148 -0.0802159
        17        27 0.0944617  -1.87175 -0.0887455
        17        28  0.343849  -1.85766 -0.0783857


% fiber f1:18
        18         0   1.51785  -1.11519 0.0167719
        18         1   1.62169  -0.89109 -0.0218902
        18         2   1.70603 -0.657541 -0.0508922
        18         3   1.76449 -0.415851 -0.0767605
        18         4   1.80228 -0.169552 -0.0969654
        18         5   1.82053 0.0795831   -0.1069
        18         6   1.80979  0.329352 -0.106522
        18         7    1.7631  0.574305 -0.088697
        18         8   1.68692  0.811575 -0.0687012
        18         9   1.58636   1.04018 -0.0574845
        18        10    1.4488   1.24796 -0.0372624
        18        11   1.27319   1.42536 -0.0235158
        18        12   1.07284   1.57425 -0.0373606
        18        13   0.85349   1.69237 -0.0581356
        18        14  0.622824   1.78757 -0.0733287
        18        15  0.383137   1.85862 -0.0748066
        18        16  0.135741   1.89369 -0.0667197
        18        17 -0.113761   1.89802 -0.0515474
        18        18 -0.361231   1.87055 -0.0291009
        18        19 -0.600125   1.80295 0.000218192
        18        20 -0.826996   1.70328 0.0333014
        18        21  -1.03325   1.56772 0.0730938
        18        22  -1.21906    1.4027   0.10034
        18        23  -1.37476   1.20793   0.11829
        18        24  -1.50175  0.992736  0.126376
        18        25  -1.61502  0.770368  0.111505
        18        26   -1.7144  0.544642 0.0706101
        18        27  -1.79943  0.319391 0.00329526
        18        28   -1.8765 0.0938863 -0.0722633


% fiber f1:19
        19         0  0.285152  -1.82253 -0.136411
        19         1  0.526404  -1.76374 -0.107394
        19         2    0.7604  -1.68295 -0.0724894
        19         3  0.982163   -1.5721 -0.0403586
        19         4   1.18975  -1.43375 -0.0239457
        19         5   1.37523  -1.26627 -0.0172994
        19         6   1.53475  -1.07388 -0.0235483
        19         7   1.66579   -0.8617 -0.0411575
        19         8   1.76095 -0.631208 -0.0590191
        19         9   1.83056 -0.391433 -0.071732
        19        10   1.87516 -0.145487 -0.0763896
        19        11   1.89232  0.103888 -0.0721969
        19        12   1.87524  0.353256 -0.0673232
        19        13   1.82792   0.59838 -0.0541149
        19        14   1.74631  0.833373 -0.0292297
        19        15   1.61768   1.04497 0.00515029
        19        16   1.45121    1.2293 0.0335946
        19        17   1.26091   1.38991 0.0557396
        19        18   1.05713   1.53385 0.0717597
        19        19  0.837319    1.6528 0.0773106
        19        20  0.606439    1.7478 0.0642691
        19        21  0.369649   1.82536 0.0438902
        19        22  0.123691   1.86993 0.0395871
        19        23 -0.126241   1.87019 0.0454112
        19        24 -0.371924   1.82405 0.0487388
        19        25  -0.60819    1.7426  0.042063
        19        26 -0.836851   1.64194 0.0330556
        19        27  -1.05825   1.52628  0.043214
        19        28  -1.27379   1.40211 0.0682431


% fiber f1:20
        20         0   1.80822 -0.576205 -0.000316988
        20         1   1.83811 -0.329356 -0.0262391
        20         2   1.84935 -0.0811203 -0.0536762
        20         3   1.82852  0.167575 -0.0683983
        20         4   1.77924  0.412668 -0.0694873
        20         5   1.70182  0.650329 -0.0646111
        20         6   1.59373  0.875594 -0.0561815
        20         7   1.46194   1.08748 -0.0408222
        20         8   1.31132    1.2862 -0.0227421
        20         9   1.13528   1.46263 -0.0032126
        20        10   0.93418    1.6109 0.00537176
        20        11  0.715576   1.73219 0.00621657
        20        12  0.484563   1.82699 -0.00590532
        20        13  0.243205   1.89002 -0.0224381
        20        14 -0.00580464   1.91223 -0.0234274
        20        15 -0.254966   1.90145 -0.00603735
        20        16 -0.499948   1.85796 0.0182943
        20        17 -0.732146   1.77109 0.0505281
        20        18  -0.94061   1.63969  0.092659
        20        19   -1.1215   1.47501  0.144234
        20        20  -1.28115   1.28564  0.178138
        20        21  -1.42987   1.08477  0.184171
        20        22  -1.57436  0.882306   0.15907
        20        23  -1.69635  0.667384  0.121313
        20        24  -1.78834  0.440368   0.07129
        20        25  -1.84612   0.20701 0.00269437
        20        26  -1.86273 -0.0288712 -0.0784496
        20        27  -1.84615 -0.268558 -0.147552
        20        28  -1.80874 -0.509032 -0.204761


% fiber f1:21
        21         0 0.0611321   1.87168 0.00129604
        21         1  0.308047   1.83262 0.00389505
        21         2  0.548075   1.76272 0.00265004
        21         3  0.775365   1.65949 -0.0108759
        21         4  0.990719   1.53255 -0.0134852
        21         5    1.1941   1.38731 -0.00700986
        21         6   1.38275   1.22329 -0.00436824
        21         7   1.54947   1.03726 -0.0142169
        21         8   1.69132  0.831803 -0.0271711
        21         9    1.8002  0.606801 -0.0228058
        21        10   1.87952  0.370024 -0.0107321
        21        11   1.92266  0.123833 -0.00535566
        21        12   1.92844 -0.126074 -0.00169189
        21        13   1.90352 -0.374295  0.014576
        21        14   1.83934 -0.612746 0.0535878
        21        15   1.72887 -0.833104 0.0952866
        21        16    1.5829  -1.03337  0.128253
        21        17    1.4218   -1.2245  0.132487
        21        18   1.25308  -1.40764  0.110274
        21        19   1.06235  -1.56185 0.0619119
        21        20   0.84574  -1.67567 0.0106769
        21        21   0.61388  -1.76107 -0.0273932
        21        22  0.373058  -1.82263 -0.0541186
        21        23  0.125002  -1.85283 -0.0616454
        21        24  -0.12461  -1.85633 -0.0481643
        21        25 -0.369985  -1.82926 -0.00869238
        21        26 -0.604109   -1.7683 0.0543138
        21        27 -0.812926  -1.65999  0.138957
        21        28  -1.00881  -1.52965  0.223449


% fiber f1:22
        22         0   1.85109  0.326097 0.0683536
        22         1   1.84092 0.0763548 0.0733771
        22         2   1.81794 -0.172585 0.0724645
        22         3   1.77247 -0.418187   0.06185
        22         4   1.69975 -0.654615 0.0256136
        22         5   1.60692 -0.882208 -0.0200412
        22         6   1.50148  -1.10649 -0.0528838
        22         7   1.35442  -1.30857 -0.0591798
        22         8   1.17334  -1.48082 -0.0531402
        22         9  0.967008  -1.62182 -0.046156
        22        10  0.742776  -1.73169 -0.0583069
        22        11  0.509889  -1.81257 -0.0998143
        22        12  0.267718   -1.8554 -0.144742
        22        13 0.0191572  -1.87053 -0.166847
        22        14 -0.229847  -1.87593 -0.145216
        22        15 -0.470032  -1.86516 -0.0766957
        22        16 -0.684724  -1.81139  0.039561
        22        17  -0.88185  -1.70701  0.152457
        22        18  -1.07832  -1.55707  0.190149
        22        19  -1.26925  -1.39877  0.158763
        22        20  -1.44407  -1.22988  0.100338
        22        21   -1.5908  -1.04365  0.021045
        22        22  -1.69955  -0.83692 -0.0680444
        22        23  -1.76768 -0.605644 -0.134147
        22        24  -1.79509 -0.358985  -0.16429
        22        25  -1.80229 -0.109255 -0.155198
        22        26  -1.80734  0.138012 -0.118676
        22        27  -1.80221  0.381198 -0.0609327
        22        28  -1.78479  0.619991  0.010999


% fiber f1:23
        23         0   1.85321   0.45253 0.00199574
        23         1   1.86856  0.203084 -0.00441564
        23         2   1.86547 -0.0468968 -0.00406151
        23         3   1.83465 -0.294708 0.00775649
        23         4    1.7636 -0.533649 0.0267013
        23         5   1.66841 -0.763598 0.0504306
        23         6    1.5582 -0.987562 0.0643496
        23         7   1.42076  -1.19638 0.0620449
        23         8   1.25886  -1.38638 0.0482766
        23         9   1.07377  -1.55293 0.0258901
        23        10  0.867679  -1.68854 -0.0145499
        23        11  0.648432  -1.80029 -0.0586308
        23        12  0.414947  -1.87421 -0.108837
        23        13  0.170312  -1.91706 -0.137429
        23        14 -0.0787616  -1.92977 -0.120088
        23        15  -0.31801  -1.89999 -0.0539573
        23        16 -0.533639  -1.82345 0.0467649
        23        17  -0.72843  -1.70544  0.149867
        23        18 -0.915324  -1.55703  0.224341
        23        19  -1.10317  -1.39441  0.252067
        23        20  -1.29651  -1.23713  0.232427
        23        21  -1.48775   -1.0871  0.173981
        23        22  -1.65569 -0.930358 0.0753592
        23        23  -1.77815 -0.746288 -0.0413579
        23        24  -1.84747 -0.519451 -0.120352
        23        25  -1.88264 -0.273092 -0.144225
        23        26  -1.89219 -0.0245432 -0.119075
        23        27  -1.88103  0.221312 -0.0751345
        23        28   -1.8578  0.464279 -0.0210296


% fiber f1:24
        24         0  -1.68837  0.771052 0.0622558
        24         1  -1.55571  0.982867 0.0561279
        24         2  -1.40526   1.18216 0.0441481
        24         3  -1.22882   1.35861 0.0286608
        24         4  -1.03175   1.51151 0.0118477
        24         5  -0.81831   1.64066 -0.00436401
        24         6 -0.590518    1.7418 -0.0238956
        24         7 -0.352715   1.81529 -0.0473277
        24         8 -0.107847   1.86129 -0.0679042
        24         9  0.142122   1.86311 -0.0714013
        24        10  0.389914   1.83303 -0.0574688
        24        11  0.632155   1.77533 -0.0353259
        24        12   0.86526   1.68845 -0.0105512
        24        13   1.08939    1.5792 0.00766626
        24        14   1.29499   1.43752 0.0201579
        24        15   1.47401   1.26362 0.0345933
        24        16   1.62179   1.06212 0.0422591
        24        17   1.72703  0.835351 0.0428528
        24        18   1.78649  0.592543 0.0399444
        24        19   1.81684  0.344398 0.0418057
        24        20    1.8209 0.0944322 0.0411069
        24        21   1.79477 -0.154199 0.0414049
        24        22   1.73938 -0.397966 0.0384501
        24        23   1.65918 -0.634598 0.0298324
        24        24   1.55616 -0.862274 0.0227088
        24        25   1.42724  -1.07642 0.0183312
        24        26   1.28033  -1.27871  0.017539
        24        27   1.12248  -1.47215 0.00494575
        24        28   0.95253  -1.65376 -0.0203118


% fiber f1:25
        25         0  0.488118   1.82428 0.0381583
        25         1  0.708608   1.70681 0.0288701
        25         2  0.917873   1.57046 0.0180902
        25         3    1.1067   1.40671 0.0123963
        25         4   1.28234   1.22884 0.0157944
        25         5   1.45018   1.04356  0.014635
        25         6   1.59944  0.843827 -0.00344144
        25         7   1.71696  0.624462 -0.0272891
        25         8   1.80669   0.39158 -0.0419316
        25         9   1.86087  0.147533 -0.0442851
        25        10   1.88214 -0.101559 -0.0437506
        25        11   1.86424 -0.350913 -0.0452277
        25        12   1.80789  -0.59447 -0.0430796
        25        13   1.71951 -0.827191 -0.0200551
        25        14   1.60776   -1.0465 0.0237174
        25        15   1.46576  -1.25131 0.0434078
        25        16   1.29405  -1.43271 0.0329899
        25        17   1.09699  -1.58304 0.000284546
        25        18  0.883733  -1.70246 -0.052246
        25        19   0.65201  -1.77519 -0.111539
        25        20  0.409577  -1.81559 -0.157301
        25        21  0.161257  -1.83197 -0.181148
        25        22 -0.0886479  -1.83571 -0.175349
        25        23 -0.334691  -1.81829 -0.134617
        25        24 -0.569238  -1.77714 -0.0584988
        25        25 -0.784588  -1.70436 0.0455599
        25        26 -0.982134  -1.57714   0.13094
        25        27   -1.1769  -1.42515  0.169237
        25        28  -1.37022  -1.26756  0.186329

% end

